90
90
90
90
90
90
90
90
90
90
90
1234567891
18991325453139
12745267386521023
1234567891
18991325453139
12745267386521023
1234567891
18991325453139
12745267386521023
1234567891
18991325453139
12745267386521023
1234567891
18991325453139
12745267386521023
1234567891
18991325453139
12745267386521023
1234567891
18991325453139
12745267386521023
1234567891
18991325453139
12745267386521023
1234567891
18991325453139
12745267386521023
1234567891
18991325453139
12745267386521023
1234567891
18991325453139
12745267386521023
-1